{
  "video": [
    {
      "id": "dummy-stereo-1",
      "type": "image",
      "path": "../data/calib_images/",
      "src": [
         "left04.jpg",
        "right04.jpg"],
      "enabled": true
    },
    {
      "id": "dummy-stereo-2",
      "type": "image",
      "path": "../data/test_images/",
      "src": ["left.png", "right.png"],
      "enabled": true
    },
    {
      "id": "dummy-stereo-3",
      "type": "image",
      "path": "calvin_test/",
      "src": ["02L.png", "02R.png"],
      "enabled": true
    },
    {
      "id": "dummy-stereo-4",
      "type": "image",
      "path": "../data/test_images/",
      "src": ["left108.png", "right108.png"],
      "enabled": true
    },
    {
      "id": "webcam-stereo",
      "type": "vid",
      "src": [0, 1],
      "fps": 30,
      "rez": [1280, 720],
      "scale": 0.45,
      "contrib": 0.75,
      "blur": 7,
      "enabled": false
    }
  ],
  "src_props": {
    "gtmeira": {
      "R": {
        "shape": [3, 3],
        "data": [
          9.9999697365207496e-01, 2.4098577641302999e-03, 4.9524968238647178e-04,
          -2.4381323007579675e-03, 9.9764601072426373e-01, 6.8530962322487912e-02,
          -3.2893399830915561e-04, -6.8531962408199851e-02, 9.9764886705238431e-01
        ]
      },
      "T": {
        "shape": [3, 1],
        "data": [
          -1.5955204838754074e+01,
          3.9657986520325872e-01,
          2.0975308156662145e-01
        ]
      },
      "M1": {
        "shape": [3, 3],
        "data": [
          6.5951676659528027e+02, 0.0, 3.1863587135549744e+02,
          0.0, 6.5798081889920752e+02, 2.4010365439598547e+02,
          0.0, 0.0, 1.0
        ]
      },
      "D1": {
        "shape": [1, 12],
        "data": [
          2.8410322442050998e-02, 1.0687596657283287e-01, 0.0, 0.0, 0.0, 0.0, 0.0,
          8.6079704330958173e-01, 0.0, 0.0, 0.0, 0.0
        ]
      },
      "M2": {
        "shape": [3, 3],
        "data": [
          6.5951676659528027e+02, 0.0, 3.2241552661018136e+02,
          0.0, 6.5798081889920752e+02, 2.3723674679403047e+02,
          0.0, 0.0, 1.0
        ]
      },
      "D2":{
        "shape": [1, 12],
        "data": [
          4.4398441006877780e-02, 2.3616172071734151e-01, 0.0, 0.0, 0.0, 0.0, 0.0,
          1.5425178715479584e+00, 0.0, 0.0, 0.0, 0.0
        ]
      },
      "R1": {
        "shape": [3, 3],
        "data": [
          9.9966678983097212e-01, -2.1478026478928550e-02,
          -1.4317949839605623e-02, 2.1956218559126876e-02,
          9.9917645057055371e-01, 3.4122501253771531e-02,
          1.3573274314728595e-02, -3.4425499325358107e-02,
          9.9931509106016059e-01
        ]
      },
      "R2": {
        "shape": [3, 3],
        "data": [
          9.9960491454247813e-01, -2.4846010206208202e-02,
          -1.3141179526895211e-02, 2.4380924397022039e-02,
          9.9910931560344229e-01, -3.4440470379595807e-02,
          1.3985183161896288e-02, 3.4106469346065690e-02,
          9.9932035073877790e-01
        ]
      },
      "P1": {
        "shape": [3, 4],
        "data": [
          5.5434233009860054e+02, 0.0, 3.3234624862670898e+02, 0.0, 0.0,
          5.5434233009860054e+02, 2.3866772460937500e+02, 0.0, 0.0, 0.0, 1.0,
          0.0
        ]
      },
      "P2": {
        "shape": [3, 4],
        "data": [
          5.5434233009860054e+02, 0.0, 3.3234624862670898e+02,
          -8.8481411994293940e+03, 0.0, 5.5434233009860054e+02,
          2.3866772460937500e+02, 0.0, 0.0, 0.0, 1.0, 0.0
        ]
      },
      "Q": {
        "shape": [4, 4],
        "data": [
          1.0, 0.0, 0.0, -3.3234624862670898e+02,
          0.0, 1.0, 0.0, -2.3866772460937500e+02,
          0.0, 0.0, 0.0, 5.5434233009860054e+02,
          0.0, 0.0, 6.2650710200505097e-02, 0.0
        ]
      }
    },
    "pllong": {
      "R": {
        "shape": [3, 3],
        "data": [
          9.9999087378944296e-01, -2.7679806220078790e-03, -3.2543234477402953e-03,
          2.7224551813168716e-03, 9.9989952563154028e-01, -1.3911393877192889e-02,
          3.2925029403243246e-03, 1.3902407169151240e-02, 9.9989793604111965e-01
        ]
      },
      "T": {
        "shape": [3, 1],
        "data": [
          -1.2100645349995764e+01,
          -1.5851790079517833e-01,
          -2.9995102512176636e-01
        ]
      },
      "M1": {
        "shape": [3, 3],
        "data": [
          9.7545519726418320e+02, 0.0, 4.1122642350250374e+02,
          0.0, 9.5229305132711022e+02, 2.3670061613271071e+02,
          0.0, 0.0, 1.0
        ]
      },
      "D1": {
        "shape": [1, 12],
        "data": [
          -1.6317236030170993e-02, 2.5294695557996434e+00, 0.0, 0.0, 0.0, 0.0,
          0.0, 9.7082918842615289e+00, 0.0, 0.0, 0.0, 0.0, 0.0, 0.0
        ]
      },
      "M2": {
        "shape": [3, 3],
        "data": [
          9.7545519726418320e+02, 0.0, 4.1966442843247728e+02,
          0.0, 9.5229305132711022e+02, 2.3254154148533260e+02,
          0.0, 0.0, 1.0
        ]
      },
      "D2":{
        "shape": [1, 12],
        "data": [
          -3.5399067198277806e-01, 4.8051375161048826e+00, 0.0, 0.0, 0.0, 0.0,
          0.0, 1.7024396499827713e+01, 0.0, 0.0, 0.0, 0.0, 0.0, 0.0
        ]
      },
      "R1": {
        "shape": [3, 3],
        "data": [
          9.9971531418459070e-01, 1.0671077374142258e-02, 2.1340541054063071e-02,
          -1.0522296394624649e-02, 9.9991963128137007e-01, -7.0719344392154238e-03,
          -2.1414291101709424e-02, 6.8453696616005691e-03, 9.9974725258477570e-01
        ]
      },
      "R2": {
        "shape": [3, 3],
        "data": [
          9.9960720421360916e-01, 1.3094808669169749e-02, 2.4778282227986215e-02,
          -1.3266944166817006e-02, 9.9988889897302535e-01, 6.7954325090889599e-03,
          -2.4686544446853254e-02, -7.1214953787010109e-03, 9.9966987492213877e-01
        ]
      },
      "P1": {
        "shape": [3, 4],
        "data": [
          8.3951410583961035e+02, 0.0, 3.9292234802246094e+02, 0.0,
          0.0, 8.3951410583961035e+02, 2.3448134994506836e+02, 0.0,
          0.0, 0.0, 1.0, 0.0
        ]
      },
      "P2": {
        "shape": [3, 4],
        "data": [
          8.3951410583961035e+02, 0.0, 3.9292234802246094e+02, -1.0162654308875006e+04,
          0.0, 8.3951410583961035e+02, 2.3448134994506836e+02, 0.0,
          0.0, 0.0, 1.0, 0.0
        ]
      },
      "Q": {
        "shape": [4, 4],
        "data": [
          1.0, 0.0, 0.0, -3.9292234802246094e+02,
          0.0, 1.0, 0.0, -2.3448134994506836e+02,
          0.0, 0.0, 0.0, 8.3951410583961035e+02,
          0.0, 0.0, 8.2607759776544401e-02, 0.0
        ]
      }
    }
  },
  "matcher": {
    "m_props": {
      "gm-sgbm": {
        "preFilterCap": 1,
        "numDisparities": -1,
        "uniquenessRatio": 19,
        "disp12MaxDiff": 100,
        "speckleRange": 10,
        "speckleWindowSize": 1000,
        "mode": 1,
        "remapped": true
      },
      "gm-bm": {
        "preFilterCap": 1,
        "numDisparities": 32,
        "uniquenessRatio": 3,
        "disp12MaxDiff": 100,
        "speckleRange": 10,
        "speckleWindowSize": 1000,
        "mode": 0,
        "remapped": true
      },
      "pl-sgbm": {
        "preFilterCap": 63,
        "preFilterSize": 5,
        "numDisparities": -1,
        "uniquenessRatio": 15,
        "disp12MaxDiff": 2048,
        "speckleRange": 7,
        "speckleWindowSize": 255,
        "mode": 1
      },
      "pl-bm": {
        "preFilterCap": 63,
        "preFilterSize": 5,
        "numDisparities": -1,
        "uniquenessRatio": 15,
        "disp12MaxDiff": 2048,
        "speckleRange": 7,
        "speckleWindowSize": 255,
        "mode": 0
      }
    },
    "cfg": "gm-sgbm",
    "src": "dummy-stereo-1",
    "prop": "gtmeira",
    "wlsOn": false,
    "wlsLambda": 8000,
    "wlsSigma": 1.0,
    "main_cam": 0
  },
  "occupancyGrid": {
    "o_props": {
      "gtmeira": {
        "c": 0.2,
        "cameraHeight": 70.485,
        "clearance": 5.24,
        "deltaH": 20,
        "deltaN": 55,
        "lt": -3,
        "nt": -3.6,
        "occupancySize": [200, 200],
        "r": 7,
        "robotLength": 78.74,
        "robotWidth": 60.96,
        "wH": 0.5,
        "wN": 0.5,
        "xRange": [-100, 100],
        "yRange": [0, 250],
        "zRange": [0, 500]
      },
      "pllong": {
        "c": 0.2,
        "cameraHeight": 50,
        "clearance": 5.24,
        "deltaH": 20,
        "deltaN": 55,
        "lt": -3,
        "nt": -3.6,
        "occupancySize": [200, 200],
        "r": 7,
        "robotLength": 78.74,
        "robotWidth": 60.96,
        "wH": 0.5,
        "wN": 0.5,
        "xRange": [-100, 100],
        "yRange": [0, 250],
        "zRange": [0, 500]
      }
    },
    "cfg": "gtmeira",
    "clean_up": true,
    "dilate": true
  }
}
