{
  "video": [
    {
      "id": "dummy-stereo-1",
      "type": "image",
      "path": "../data/test_images/",
      "src": ["left01.jpg", "right01.jpg"],
      "enabled": true
    },
    {
      "id": "dummy-stereo-2",
      "type": "image",
      "path": "../data/test_images/",
      "src": ["left.png", "right.png"],
      "enabled": true
    },
    {
      "id": "dummy-stereo-3",
      "type": "image",
      "path": "calvin_test/",
      "src": ["02L.png", "02R.png"],
      "enabled": true
    },
    {
      "id": "dummy-stereo-4",
      "type": "image",
      "path": "../data/test_images/",
      "src": ["left006.png", "right006.png"],
      "enabled": true
    },
    {
      "id": "webcam-stereo",
      "type": "vid",
      "src": [0, 1],
      "fps": 30,
      "rez": [1280, 720],
      "scale": 0.45,
      "contrib": 0.75,
      "blur": 7,
      "enabled": false
    }
  ],
  "src_props": {
    "gtmeira": {
      "R": {
        "shape": [3, 3],
        "data": [
          9.9999697365207496e-01, 2.4098577641302999e-03, 4.9524968238647178e-04,
          -2.4381323007579675e-03, 9.9764601072426373e-01, 6.8530962322487912e-02,
          -3.2893399830915561e-04, -6.8531962408199851e-02, 9.9764886705238431e-01
        ]
      },
      "T": {
        "shape": [3, 1],
        "data": [
          -1.5955204838754074e+01,
          3.9657986520325872e-01,
          2.0975308156662145e-01
        ]
      },
      "M1": {
        "shape": [3, 3],
        "data": [
          6.5951676659528027e+02, 0.0, 3.1863587135549744e+02,
          0.0, 6.5798081889920752e+02, 2.4010365439598547e+02,
          0.0, 0.0, 1.0
        ]
      },
      "D1": {
        "shape": [1, 12],
        "data": [
          2.8410322442050998e-02, 1.0687596657283287e-01, 0.0, 0.0, 0.0, 0.0, 0.0,
          8.6079704330958173e-01, 0.0, 0.0, 0.0, 0.0
        ]
      },
      "M2": {
        "shape": [3, 3],
        "data": [
          6.5951676659528027e+02, 0.0, 3.2241552661018136e+02,
          0.0, 6.5798081889920752e+02, 2.3723674679403047e+02,
          0.0, 0.0, 1.0
        ]
      },
      "D2":{
        "shape": [1, 12],
        "data": [
          4.4398441006877780e-02, 2.3616172071734151e-01, 0.0, 0.0, 0.0, 0.0, 0.0,
          1.5425178715479584e+00, 0.0, 0.0, 0.0, 0.0
        ]
      },
      "R1": {
        "shape": [3, 3],
        "data": [
          9.9966678983097212e-01, -2.1478026478928550e-02,
          -1.4317949839605623e-02, 2.1956218559126876e-02,
          9.9917645057055371e-01, 3.4122501253771531e-02,
          1.3573274314728595e-02, -3.4425499325358107e-02,
          9.9931509106016059e-01
        ]
      },
      "R2": {
        "shape": [3, 3],
        "data": [
          9.9960491454247813e-01, -2.4846010206208202e-02,
          -1.3141179526895211e-02, 2.4380924397022039e-02,
          9.9910931560344229e-01, -3.4440470379595807e-02,
          1.3985183161896288e-02, 3.4106469346065690e-02,
          9.9932035073877790e-01
        ]
      },
      "P1": {
        "shape": [3, 4],
        "data": [
          5.5434233009860054e+02, 0.0, 3.3234624862670898e+02, 0.0, 0.0,
          5.5434233009860054e+02, 2.3866772460937500e+02, 0.0, 0.0, 0.0, 1.0,
          0.0
        ]
      },
      "P2": {
        "shape": [3, 4],
        "data": [
          5.5434233009860054e+02, 0.0, 3.3234624862670898e+02,
          -8.8481411994293940e+03, 0.0, 5.5434233009860054e+02,
          2.3866772460937500e+02, 0.0, 0.0, 0.0, 1.0, 0.0
        ]
      },
      "Q": {
        "shape": [4, 4],
        "data": [
          1.0, 0.0, 0.0, -3.3234624862670898e+02,
          0.0, 1.0, 0.0, -2.3866772460937500e+02,
          0.0, 0.0, 0.0, 5.5434233009860054e+02,
          0.0, 0.0, 6.2650710200505097e-02, 0.0
        ]
      }
    }
  },
  "matcher": {
    "preFilterCap": 1,
    "numDisparities": -1,
    "uniquenessRatio": 19,
    "disp12MaxDiff": 100,
    "speckleRange": 10,
    "speckleWindowSize": 1000,
    "wlsLambda": 8000,
    "wlsSigma": 1.0,
    "mode": 1,
    "src": "dummy-stereo-4",
    "prop": "gtmeira",
    "main_cam": 1
  },
  "occupancyGrid": {
    "c": 0.2,
    "cameraHeight": 70.485,
    "clearance": 5.24,
    "deltaH": 20,
    "deltaN": 55,
    "lt": -3,
    "nt": -3.6,
    "occupancySize": [200, 200],
    "r": 7,
    "robotLength": 78.74,
    "robotWidth": 60.96,
    "wH": 0.5,
    "wN": 0.5,
    "xRange": [-100, 100],
    "yRange": [0, 250],
    "zRange": [0, 500]
  }
}
