%YAML:1.0
---
M1: !!opencv-matrix
   rows: 3
   cols: 3
   dt: d
   data: [ 9.7545519726418320e+02, 0., 4.1122642350250374e+02, 0.,
       9.5229305132711022e+02, 2.3670061613271071e+02, 0., 0., 1. ]
D1: !!opencv-matrix
   rows: 1
   cols: 14
   dt: d
   data: [ -1.6317236030170993e-02, 2.5294695557996434e+00, 0., 0., 0.,
       0., 0., 9.7082918842615289e+00, 0., 0., 0., 0., 0., 0. ]
M2: !!opencv-matrix
   rows: 3
   cols: 3
   dt: d
   data: [ 9.7545519726418320e+02, 0., 4.1966442843247728e+02, 0.,
       9.5229305132711022e+02, 2.3254154148533260e+02, 0., 0., 1. ]
D2: !!opencv-matrix
   rows: 1
   cols: 14
   dt: d
   data: [ -3.5399067198277806e-01, 4.8051375161048826e+00, 0., 0., 0.,
       0., 0., 1.7024396499827713e+01, 0., 0., 0., 0., 0., 0. ]
