%YAML:1.0
---
R: !!opencv-matrix
   rows: 3
   cols: 3
   dt: d
   data: [ 9.9999087378944296e-01, -2.7679806220078790e-03,
       -3.2543234477402953e-03, 2.7224551813168716e-03,
       9.9989952563154028e-01, -1.3911393877192889e-02,
       3.2925029403243246e-03, 1.3902407169151240e-02,
       9.9989793604111965e-01 ]
T: !!opencv-matrix
   rows: 3
   cols: 1
   dt: d
   data: [ -1.2100645349995764e+01, -1.5851790079517833e-01,
       -2.9995102512176636e-01 ]
R1: !!opencv-matrix
   rows: 3
   cols: 3
   dt: d
   data: [ 9.9971531418459070e-01, 1.0671077374142258e-02,
       2.1340541054063071e-02, -1.0522296394624649e-02,
       9.9991963128137007e-01, -7.0719344392154238e-03,
       -2.1414291101709424e-02, 6.8453696616005691e-03,
       9.9974725258477570e-01 ]
R2: !!opencv-matrix
   rows: 3
   cols: 3
   dt: d
   data: [ 9.9960720421360916e-01, 1.3094808669169749e-02,
       2.4778282227986215e-02, -1.3266944166817006e-02,
       9.9988889897302535e-01, 6.7954325090889599e-03,
       -2.4686544446853254e-02, -7.1214953787010109e-03,
       9.9966987492213877e-01 ]
P1: !!opencv-matrix
   rows: 3
   cols: 4
   dt: d
   data: [ 8.3951410583961035e+02, 0., 3.9292234802246094e+02, 0., 0.,
       8.3951410583961035e+02, 2.3448134994506836e+02, 0., 0., 0., 1.,
       0. ]
P2: !!opencv-matrix
   rows: 3
   cols: 4
   dt: d
   data: [ 8.3951410583961035e+02, 0., 3.9292234802246094e+02,
       -1.0162654308875006e+04, 0., 8.3951410583961035e+02,
       2.3448134994506836e+02, 0., 0., 0., 1., 0. ]
Q: !!opencv-matrix
   rows: 4
   cols: 4
   dt: d
   data: [ 1., 0., 0., -3.9292234802246094e+02, 0., 1., 0.,
       -2.3448134994506836e+02, 0., 0., 0., 8.3951410583961035e+02, 0.,
       0., 8.2607759776544401e-02, 0. ]
roi1: [ 69, 28, 700, 398 ]
roi2: [ 1124024326, 2, 4, 4 ]
